Left Intrinsic Parameters:
418.07371  0.00000  149.18217  
0.00000  423.29149  120.00449  
0.00000  0.00000  1.00000  

Left Distortion Parameters:
-0.11630  -0.01294  0.00019  -0.00288  

Right Intrinsic Parameters:
415.24433  0.00000  169.67401  
0.00000  420.25365  130.15194  
0.00000  0.00000  1.00000  

Right Distortion Parameters:
-0.08439  -0.23380  0.00478  -0.00157  

Left Rectification Homography:
1.07033  0.02875  -3.39655  
-0.01740  1.04905  -1.34604  
0.00007  0.00002  0.98724  

Right Rectification Homography:
1.07716  0.02162  -25.10539  
-0.01721  1.05142  -4.24765  
0.00006  -0.00002  0.99155  

Left Translation :
0.00000  0.00000  0.00000  

Left Rotation:
0.00000  0.00000  0.00000  
0.00000  0.00000  0.00000  
0.00000  0.00000  0.00000  

Right Translation :
0.00000  0.00000  0.00000  

Right Rotation:
0.00000  0.00000  0.00000  
0.00000  0.00000  0.00000  
0.00000  0.00000  0.00000  

Relative Rotation:
0.01746  
-0.00125  
-0.00064  

Relative Translation:
-59.97755  
-1.42694  
1.55638  

Essensial Matrix:
-0.00077  -1.58106  -1.39955  
1.63125  1.04832  59.96640  
1.46601  -59.96750  1.04549  

Fundamental Matrix:
0.00000  0.00002  0.00591  
-0.00002  -0.00002  -0.36308  
-0.00594  0.36389  1.00000  

Disparity to depth mapping matrix (Q):
1.00000  0.00000  0.00000  -172.02975  
0.00000  1.00000  0.00000  -125.72118  
0.00000  0.00000  0.00000  443.06218  
0.00000  0.00000  -0.01667  -0.00000  

Vertical shift:
1
